   5.8678777e+03   5.8690052e+03   5.8713264e+03   5.8738253e+03   5.8809228e+03   5.8843579e+03   5.8601754e+03   5.7805784e+03   5.6518825e+03   5.5928545e+03   5.5768850e+03   5.5680113e+03   5.6083270e+03   5.6895241e+03   5.7584424e+03   5.7723454e+03
   5.8663349e+03   5.8685359e+03   5.8740499e+03   5.8734972e+03   5.8820238e+03   5.8862865e+03   5.8441869e+03   5.7345492e+03   5.5378342e+03   5.4494234e+03   5.4549858e+03   5.4465138e+03   5.4848740e+03   5.6094807e+03   5.7402169e+03   5.7715126e+03
   5.8640586e+03   5.8682657e+03   5.8807580e+03   5.8835207e+03   5.8879494e+03   5.8837270e+03   5.8279690e+03   5.7132271e+03   5.5360540e+03   5.4212325e+03   5.3684515e+03   5.3568967e+03   5.4452328e+03   5.5718475e+03   5.7138836e+03   5.7613705e+03
   5.8640242e+03   5.8720620e+03   5.8863156e+03   5.8932814e+03   5.8943474e+03   5.8812789e+03   5.8012315e+03   5.6680604e+03   5.5248235e+03   5.3852159e+03   5.2644650e+03   5.2187018e+03   5.3719797e+03   5.5367348e+03   5.6560035e+03   5.7224491e+03
   5.8632324e+03   5.8748575e+03   5.8857704e+03   5.8916896e+03   5.8932920e+03   5.8561656e+03   5.7275599e+03   5.5869800e+03   5.4563564e+03   5.2881930e+03   5.1654485e+03   5.0643451e+03   5.2374974e+03   5.4785716e+03   5.5627960e+03   5.6238218e+03
   5.8614298e+03   5.8714407e+03   5.8756685e+03   5.8834050e+03   5.8787716e+03   5.7904911e+03   5.5943103e+03   5.4400232e+03   5.3192065e+03   5.2050744e+03   5.1261536e+03   5.0391089e+03   5.1651292e+03   5.3866020e+03   5.4347414e+03   5.4687125e+03
   5.8625661e+03   5.8603608e+03   5.8567265e+03   5.8682400e+03   5.8486768e+03   5.7039527e+03   5.4054984e+03   5.1468461e+03   5.0412519e+03   5.0243915e+03   5.0269659e+03   5.0252232e+03   5.1231136e+03   5.2820363e+03   5.3036689e+03   5.3176111e+03
   5.8539790e+03   5.8479438e+03   5.8412548e+03   5.8356301e+03   5.7944295e+03   5.6340712e+03   5.2659921e+03   4.9816836e+03   4.9707858e+03   4.9957043e+03   5.0214626e+03   4.9802895e+03   5.0356145e+03   5.1585081e+03   5.2019401e+03   5.1535751e+03
   5.8414090e+03   5.8384778e+03   5.8089837e+03   5.7608537e+03   5.7385506e+03   5.6607838e+03   5.3545362e+03   5.0998105e+03   5.0945203e+03   5.1767034e+03   5.2131985e+03   5.1097533e+03   5.0276950e+03   5.0258050e+03   5.1087692e+03   5.0600354e+03
   5.8295358e+03   5.8053106e+03   5.6981753e+03   5.5889924e+03   5.6174229e+03   5.6718107e+03   5.5937171e+03   5.5019919e+03   5.4961657e+03   5.4795516e+03   5.3649562e+03   5.2128900e+03   5.0488128e+03   4.9730000e+03   4.9782288e+03   4.9796610e+03
   5.8170165e+03   5.7778825e+03   5.6502774e+03   5.5399916e+03   5.5810471e+03   5.6586746e+03   5.6843714e+03   5.7269557e+03   5.7093450e+03   5.6115674e+03   5.4290529e+03   5.1931149e+03   5.0507311e+03   4.9734119e+03   4.9413875e+03   4.9705821e+03
   5.8137574e+03   5.7826010e+03   5.7172655e+03   5.6551962e+03   5.6652609e+03   5.6757793e+03   5.7024176e+03   5.7872190e+03   5.7536760e+03   5.6255737e+03   5.3910301e+03   5.2048483e+03   5.0922835e+03   4.9616887e+03   4.9549597e+03   4.9574316e+03
   5.8204728e+03   5.7947059e+03   5.7681352e+03   5.7410078e+03   5.7273440e+03   5.6810181e+03   5.6999331e+03   5.7609994e+03   5.6652993e+03   5.5271579e+03   5.2837669e+03   5.1411522e+03   5.0431834e+03   4.9351268e+03   4.9394451e+03   4.9528787e+03
   5.8257114e+03   5.8060924e+03   5.7873623e+03   5.7731428e+03   5.7429378e+03   5.6702866e+03   5.6791845e+03   5.7252475e+03   5.6200938e+03   5.4542531e+03   5.2010565e+03   5.0886594e+03   5.1356106e+03   5.0616331e+03   4.9316282e+03   4.9573745e+03
   5.8270152e+03   5.8138840e+03   5.7921831e+03   5.7715035e+03   5.7270469e+03   5.6468875e+03   5.6360646e+03   5.6518387e+03   5.5802003e+03   5.4254119e+03   5.2384475e+03   5.1755089e+03   5.2402656e+03   5.2584399e+03   5.1090376e+03   5.0547809e+03
   5.8238352e+03   5.8166845e+03   5.7955284e+03   5.7634753e+03   5.7095907e+03   5.6181012e+03   5.5838504e+03   5.5910713e+03   5.5632138e+03   5.4830620e+03   5.3930300e+03   5.3587694e+03   5.3669638e+03   5.3884039e+03   5.3366978e+03   5.2245857e+03
   5.8216793e+03   5.8190263e+03   5.8029065e+03   5.7689908e+03   5.7119236e+03   5.6155654e+03   5.5508240e+03   5.5564111e+03   5.5533719e+03   5.5047060e+03   5.4482269e+03   5.4062557e+03   5.4235865e+03   5.4531153e+03   5.4579021e+03   5.4379752e+03
   5.8201280e+03   5.8211841e+03   5.8147576e+03   5.7888405e+03   5.7426409e+03   5.6697538e+03   5.5963443e+03   5.5512887e+03   5.5067317e+03   5.4322098e+03   5.3937370e+03   5.4061109e+03   5.4367661e+03   5.4642755e+03   5.5042382e+03   5.5570084e+03
   5.8164117e+03   5.8190247e+03   5.8194675e+03   5.8059230e+03   5.7747932e+03   5.7305656e+03   5.6749291e+03   5.6186065e+03   5.5554970e+03   5.4884576e+03   5.4626466e+03   5.4768838e+03   5.5031080e+03   5.5384421e+03   5.5876074e+03   5.6404526e+03
