   5.8455099e+03   5.8403647e+03   5.8288968e+03   5.7983077e+03   5.7802613e+03   5.7806120e+03   5.7847555e+03   5.7767724e+03   5.7432949e+03   5.7243211e+03   5.7061556e+03   5.6998046e+03   5.6853225e+03   5.6693635e+03   5.6627975e+03   5.6706157e+03
   5.8526512e+03   5.8351526e+03   5.7939873e+03   5.7496090e+03   5.7521966e+03   5.7644639e+03   5.7787770e+03   5.7831687e+03   5.7577569e+03   5.7409863e+03   5.7009660e+03   5.6607991e+03   5.6180984e+03   5.5853520e+03   5.5446246e+03   5.5396556e+03
   5.8540752e+03   5.8221656e+03   5.7365532e+03   5.6583528e+03   5.6835159e+03   5.7212768e+03   5.7509349e+03   5.7308983e+03   5.6996085e+03   5.7348549e+03   5.6844129e+03   5.5997252e+03   5.5139642e+03   5.4569179e+03   5.4369773e+03   5.4374647e+03
   5.8476182e+03   5.8015792e+03   5.6843364e+03   5.5529364e+03   5.5864015e+03   5.6503463e+03   5.6631456e+03   5.6613030e+03   5.6806197e+03   5.7006494e+03   5.6218959e+03   5.4742869e+03   5.3431988e+03   5.2510935e+03   5.2712813e+03   5.3287722e+03
   5.8465329e+03   5.8003781e+03   5.6931081e+03   5.5485465e+03   5.5428059e+03   5.5521471e+03   5.5073425e+03   5.4977027e+03   5.5206789e+03   5.5487017e+03   5.5392855e+03   5.3577457e+03   5.2006290e+03   5.1044150e+03   5.0870862e+03   5.1684186e+03
   5.8589930e+03   5.8097025e+03   5.7047752e+03   5.5428103e+03   5.4853891e+03   5.4388094e+03   5.3556579e+03   5.3309178e+03   5.3572284e+03   5.4326442e+03   5.4598558e+03   5.2913070e+03   5.1284632e+03   4.9969227e+03   4.9648044e+03   5.0360462e+03
   5.8685686e+03   5.8182974e+03   5.7060213e+03   5.4916839e+03   5.4151772e+03   5.3618745e+03   5.2581506e+03   5.2172689e+03   5.1825342e+03   5.2370549e+03   5.3646546e+03   5.2819503e+03   5.1179163e+03   5.0272832e+03   4.9956678e+03   5.0003306e+03
   5.8738629e+03   5.8325688e+03   5.7208998e+03   5.4693143e+03   5.3235372e+03   5.2171690e+03   5.1426247e+03   5.1148309e+03   5.0350930e+03   5.0378534e+03   5.1634807e+03   5.2061653e+03   5.1363911e+03   5.0162936e+03   4.9639623e+03   5.0206556e+03
   5.8853662e+03   5.8497409e+03   5.7374234e+03   5.4379833e+03   5.1472067e+03   4.9673369e+03   4.9141339e+03   4.9572193e+03   4.9634666e+03   4.9894573e+03   5.0446478e+03   4.9887546e+03   4.9580313e+03   4.9249463e+03   4.9636751e+03   5.0512244e+03
   5.8928423e+03   5.8694846e+03   5.7737960e+03   5.4839064e+03   5.1136581e+03   4.9445156e+03   4.9177726e+03   4.9417469e+03   4.8964652e+03   4.9876972e+03   5.0357072e+03   4.9840000e+03   4.9220596e+03   4.9301363e+03   4.9897660e+03   5.0382965e+03
   5.8940072e+03   5.8774719e+03   5.8088138e+03   5.6065378e+03   5.3019651e+03   5.1502171e+03   5.1075186e+03   5.1515414e+03   5.1307386e+03   5.1303028e+03   5.1093362e+03   5.0341040e+03   4.9388728e+03   4.9131221e+03   4.9055676e+03   4.9433148e+03
   5.8934446e+03   5.8790088e+03   5.8349893e+03   5.7066802e+03   5.4753987e+03   5.3162288e+03   5.3205794e+03   5.3577974e+03   5.3391376e+03   5.2222776e+03   5.1383645e+03   5.0426523e+03   4.9310772e+03   4.8807147e+03   4.8701830e+03   4.9138605e+03
   5.8842225e+03   5.8565594e+03   5.8174697e+03   5.7577677e+03   5.6445816e+03   5.5384934e+03   5.5600253e+03   5.5594577e+03   5.4936617e+03   5.3034547e+03   5.1406606e+03   5.0808763e+03   5.0287060e+03   4.9667296e+03   4.9339411e+03   4.9787053e+03
   5.8673977e+03   5.8373981e+03   5.7869495e+03   5.6999719e+03   5.6401747e+03   5.6554483e+03   5.6996931e+03   5.7042799e+03   5.6333954e+03   5.4574715e+03   5.2501258e+03   5.2888198e+03   5.3092125e+03   5.1970359e+03   5.0928172e+03   5.1241985e+03
   5.8562633e+03   5.8238964e+03   5.7338888e+03   5.5630402e+03   5.5199979e+03   5.6679381e+03   5.7520721e+03   5.7880649e+03   5.7630043e+03   5.6356695e+03   5.4811672e+03   5.5156599e+03   5.5129705e+03   5.4498720e+03   5.3544628e+03   5.3741308e+03
   5.8483338e+03   5.8158276e+03   5.7176475e+03   5.5759143e+03   5.5822286e+03   5.6952783e+03   5.7012948e+03   5.7277280e+03   5.7888687e+03   5.7753334e+03   5.7115166e+03   5.6555303e+03   5.5793641e+03   5.5496686e+03   5.5234060e+03   5.5182748e+03
   5.8389119e+03   5.8196806e+03   5.7667278e+03   5.7060123e+03   5.7084912e+03   5.7197362e+03   5.6806117e+03   5.6416020e+03   5.6950208e+03   5.7427825e+03   5.7119414e+03   5.6627535e+03   5.5959905e+03   5.5183447e+03   5.5038540e+03   5.5218579e+03
   5.8312683e+03   5.8198672e+03   5.8063947e+03   5.7870477e+03   5.7707588e+03   5.7437679e+03   5.7002730e+03   5.6238447e+03   5.6130592e+03   5.6501067e+03   5.6408360e+03   5.5878385e+03   5.5004426e+03   5.4555752e+03   5.4720005e+03   5.5387851e+03
   5.8346622e+03   5.8244119e+03   5.8166730e+03   5.8066325e+03   5.7936226e+03   5.7697970e+03   5.7354283e+03   5.6685899e+03   5.5983176e+03   5.5697992e+03   5.5532880e+03   5.5222112e+03   5.4767232e+03   5.4681615e+03   5.5184910e+03   5.6234642e+03
