   5.8418122e+03   5.8442364e+03   5.8311215e+03   5.8010862e+03   5.7807376e+03   5.7774654e+03   5.7867967e+03   5.7886967e+03   5.7758244e+03   5.7472963e+03   5.7300465e+03   5.7357586e+03   5.6959193e+03   5.6728126e+03   5.6810524e+03   5.6845292e+03
   5.8480880e+03   5.8347915e+03   5.7945009e+03   5.7525166e+03   5.7348217e+03   5.7310124e+03   5.7493393e+03   5.7624544e+03   5.7691148e+03   5.7565302e+03   5.7129876e+03   5.6913804e+03   5.6287598e+03   5.5854630e+03   5.5738269e+03   5.5896358e+03
   5.8491116e+03   5.8068085e+03   5.7432377e+03   5.6914385e+03   5.6627217e+03   5.6355187e+03   5.6460421e+03   5.7169777e+03   5.7666576e+03   5.7504808e+03   5.7035658e+03   5.6673812e+03   5.5911813e+03   5.5082712e+03   5.4798274e+03   5.5042120e+03
   5.8413779e+03   5.7786149e+03   5.7076534e+03   5.6350690e+03   5.5567919e+03   5.4973934e+03   5.5050819e+03   5.6038357e+03   5.6933762e+03   5.7201483e+03   5.7058155e+03   5.6571520e+03   5.5083980e+03   5.3711033e+03   5.4029170e+03   5.4335462e+03
   5.8451223e+03   5.7689095e+03   5.6490575e+03   5.5419960e+03   5.4657790e+03   5.4024533e+03   5.4181991e+03   5.5020770e+03   5.5762034e+03   5.6063239e+03   5.5765719e+03   5.5376642e+03   5.3386895e+03   5.1761699e+03   5.2204549e+03   5.3124038e+03
   5.8575992e+03   5.7687085e+03   5.5903943e+03   5.4459418e+03   5.4049745e+03   5.3225161e+03   5.2574848e+03   5.3184133e+03   5.4508971e+03   5.4870521e+03   5.4102040e+03   5.3693428e+03   5.1656583e+03   5.0705846e+03   5.0955629e+03   5.1684854e+03
   5.8686392e+03   5.8035929e+03   5.6604799e+03   5.5077213e+03   5.4158170e+03   5.2730677e+03   5.1242679e+03   5.0737273e+03   5.2402887e+03   5.3580853e+03   5.3117371e+03   5.2313068e+03   5.1044861e+03   5.0635195e+03   5.0401238e+03   5.0314389e+03
   5.8835544e+03   5.8374484e+03   5.7399056e+03   5.5921575e+03   5.4440748e+03   5.2588722e+03   5.1367162e+03   5.0449819e+03   5.0965485e+03   5.1802742e+03   5.2214415e+03   5.1607614e+03   5.0641495e+03   4.9955770e+03   4.9679209e+03   5.0372762e+03
   5.8916757e+03   5.8652024e+03   5.7782848e+03   5.6196469e+03   5.4645840e+03   5.2780543e+03   5.1314242e+03   5.0376048e+03   4.9953975e+03   5.0270840e+03   5.0525943e+03   5.0566192e+03   5.0297790e+03   4.9493101e+03   5.0101046e+03   5.0713459e+03
   5.8920803e+03   5.8871707e+03   5.7980334e+03   5.6126062e+03   5.4115088e+03   5.1571397e+03   5.0043030e+03   4.9891113e+03   5.0405282e+03   5.0461779e+03   5.0282875e+03   4.9730000e+03   4.9334138e+03   4.9599638e+03   4.9994502e+03   5.0251387e+03
   5.8957267e+03   5.8916384e+03   5.8086062e+03   5.5829484e+03   5.2682156e+03   5.0022330e+03   4.9806346e+03   5.0755419e+03   5.2322233e+03   5.2361196e+03   5.0869825e+03   5.0230524e+03   4.9540439e+03   4.9550404e+03   4.9441253e+03   4.9969121e+03
   5.8883517e+03   5.8856734e+03   5.8296879e+03   5.6154367e+03   5.2555334e+03   4.9854053e+03   5.0224162e+03   5.2632495e+03   5.4194029e+03   5.3765652e+03   5.1845029e+03   5.1038230e+03   4.9869637e+03   4.9321453e+03   4.9320966e+03   4.9640343e+03
   5.8755841e+03   5.8750750e+03   5.8393533e+03   5.7076661e+03   5.4587311e+03   5.2338544e+03   5.3175359e+03   5.5481102e+03   5.6130967e+03   5.5071826e+03   5.3009257e+03   5.1509569e+03   5.0332013e+03   5.0017959e+03   4.9745317e+03   5.0053223e+03
   5.8563930e+03   5.8501530e+03   5.8226738e+03   5.7532333e+03   5.6752426e+03   5.5915970e+03   5.6276923e+03   5.7282746e+03   5.7410153e+03   5.6005938e+03   5.3431024e+03   5.1458369e+03   5.1029221e+03   5.1910527e+03   5.2421138e+03   5.2513213e+03
   5.8487762e+03   5.8362721e+03   5.7784100e+03   5.6723236e+03   5.6432834e+03   5.6640137e+03   5.6939347e+03   5.7782609e+03   5.7451073e+03   5.6176750e+03   5.4054273e+03   5.1707803e+03   5.1249069e+03   5.2580315e+03   5.3627766e+03   5.4258600e+03
   5.8455007e+03   5.8238180e+03   5.7073270e+03   5.5478908e+03   5.5610628e+03   5.6552795e+03   5.6757494e+03   5.7293974e+03   5.7519987e+03   5.6399668e+03   5.4923911e+03   5.3076530e+03   5.2802256e+03   5.3656837e+03   5.4135942e+03   5.4545403e+03
   5.8364695e+03   5.8165265e+03   5.7146654e+03   5.6003398e+03   5.6146689e+03   5.6883601e+03   5.6870234e+03   5.6728092e+03   5.7225793e+03   5.6602267e+03   5.5575475e+03   5.4609342e+03   5.4439110e+03   5.4188504e+03   5.4083798e+03   5.4457491e+03
   5.8279767e+03   5.8162551e+03   5.7742937e+03   5.7257416e+03   5.7200899e+03   5.7386596e+03   5.7274808e+03   5.6556803e+03   5.6399661e+03   5.6290962e+03   5.5812734e+03   5.5499326e+03   5.4808763e+03   5.4030122e+03   5.4119323e+03   5.4776875e+03
   5.8267429e+03   5.8190481e+03   5.8031219e+03   5.7834611e+03   5.7748865e+03   5.7733336e+03   5.7508808e+03   5.6806832e+03   5.6072795e+03   5.5719670e+03   5.5612425e+03   5.5411155e+03   5.4592896e+03   5.4223863e+03   5.4753446e+03   5.5704759e+03
