   5.8294348e+03   5.8312779e+03   5.8325206e+03   5.8251409e+03   5.7994218e+03   5.7746928e+03   5.7683559e+03   5.7819647e+03   5.8016534e+03   5.8127711e+03   5.8260826e+03   5.8158635e+03   5.7621615e+03   5.6794378e+03   5.6214341e+03   5.6393641e+03
   5.8373494e+03   5.8376147e+03   5.8333746e+03   5.8130647e+03   5.7740470e+03   5.7559247e+03   5.7551754e+03   5.7808390e+03   5.7972388e+03   5.7910188e+03   5.8086472e+03   5.7904819e+03   5.7151464e+03   5.5929775e+03   5.5277549e+03   5.5622110e+03
   5.8480211e+03   5.8444001e+03   5.8310919e+03   5.7956659e+03   5.7264896e+03   5.7072492e+03   5.7326998e+03   5.7488563e+03   5.7570560e+03   5.7676250e+03   5.8082774e+03   5.7653095e+03   5.6835938e+03   5.5753825e+03   5.5020947e+03   5.5001324e+03
   5.8554976e+03   5.8508064e+03   5.8288430e+03   5.7644722e+03   5.6183096e+03   5.5474726e+03   5.6324555e+03   5.6841276e+03   5.7204003e+03   5.7454968e+03   5.7383215e+03   5.6647970e+03   5.5913688e+03   5.5162267e+03   5.4684914e+03   5.4674113e+03
   5.8665069e+03   5.8650586e+03   5.8327883e+03   5.7413139e+03   5.5571449e+03   5.4271447e+03   5.5157434e+03   5.5735484e+03   5.5969041e+03   5.5916210e+03   5.5559890e+03   5.4701436e+03   5.3723904e+03   5.3079682e+03   5.3104017e+03   5.3838239e+03
   5.8774582e+03   5.8848760e+03   5.8495584e+03   5.7572810e+03   5.6033154e+03   5.4465153e+03   5.4442695e+03   5.4438530e+03   5.3668198e+03   5.2889369e+03   5.2247285e+03   5.1928010e+03   5.1472110e+03   5.1233492e+03   5.1878902e+03   5.2384745e+03
   5.8848617e+03   5.8975973e+03   5.8843311e+03   5.8103197e+03   5.6790826e+03   5.5169049e+03   5.4200132e+03   5.3630497e+03   5.2166077e+03   5.1141629e+03   5.0825180e+03   5.0961731e+03   5.0603056e+03   5.0395502e+03   5.1434760e+03   5.1902771e+03
   5.8932429e+03   5.9066426e+03   5.9032844e+03   5.8579472e+03   5.7468957e+03   5.5835968e+03   5.3790606e+03   5.2952748e+03   5.1709721e+03   5.0486553e+03   4.9946928e+03   4.9708493e+03   4.9696524e+03   5.0916872e+03   5.1377993e+03   5.2134213e+03
   5.9031220e+03   5.9194868e+03   5.9146422e+03   5.8895998e+03   5.7989261e+03   5.6447382e+03   5.3665912e+03   5.2324346e+03   5.1126460e+03   4.9704789e+03   4.9130632e+03   4.8367604e+03   4.8304086e+03   5.0568241e+03   5.1226856e+03   5.2563114e+03
   5.9055313e+03   5.9240080e+03   5.9279213e+03   5.9152680e+03   5.8352792e+03   5.6775554e+03   5.4053846e+03   5.1797556e+03   5.0380638e+03   4.9262265e+03   4.8703937e+03   4.7862760e+03   4.9489840e+03   5.1220000e+03   5.1245191e+03   5.2689948e+03
   5.8996829e+03   5.9155948e+03   5.9276885e+03   5.9245804e+03   5.8710314e+03   5.7250708e+03   5.4838892e+03   5.1881048e+03   5.0018815e+03   4.8760322e+03   4.8052998e+03   4.8060549e+03   5.0004581e+03   5.1144812e+03   5.1565154e+03   5.2387041e+03
   5.8909276e+03   5.9048569e+03   5.9208909e+03   5.9154387e+03   5.8782517e+03   5.7628915e+03   5.5554992e+03   5.2521681e+03   5.0238533e+03   4.9268632e+03   4.8566413e+03   4.8201456e+03   4.8809390e+03   4.9898018e+03   5.1397434e+03   5.2234273e+03
   5.8790324e+03   5.8819261e+03   5.8927299e+03   5.8891190e+03   5.8544475e+03   5.7797353e+03   5.6237642e+03   5.3696766e+03   5.0691947e+03   4.9409711e+03   4.9157137e+03   4.8611261e+03   4.8776433e+03   4.9845143e+03   5.1575812e+03   5.2679344e+03
   5.8637945e+03   5.8475659e+03   5.8422336e+03   5.8428760e+03   5.8150384e+03   5.7616056e+03   5.6541505e+03   5.5096427e+03   5.3291973e+03   5.2115093e+03   5.1738336e+03   5.1280916e+03   5.0744976e+03   5.2127342e+03   5.3439073e+03   5.3567345e+03
   5.8507048e+03   5.8261144e+03   5.8005939e+03   5.7843519e+03   5.7604284e+03   5.7210576e+03   5.6395593e+03   5.5667559e+03   5.5100773e+03   5.4881670e+03   5.4948798e+03   5.5134124e+03   5.5328062e+03   5.5649995e+03   5.5079956e+03   5.4148782e+03
   5.8463154e+03   5.8262768e+03   5.7990896e+03   5.7667931e+03   5.7448915e+03   5.7005475e+03   5.6028125e+03   5.5894341e+03   5.6682055e+03   5.7227271e+03   5.7650033e+03   5.7650568e+03   5.7112332e+03   5.6365688e+03   5.5257516e+03   5.4279246e+03
   5.8458250e+03   5.8307052e+03   5.8106921e+03   5.7824793e+03   5.7595054e+03   5.7346733e+03   5.6918648e+03   5.7222911e+03   5.7802770e+03   5.8061432e+03   5.8227281e+03   5.7785720e+03   5.6916476e+03   5.5780341e+03   5.5152743e+03   5.4711928e+03
   5.8435968e+03   5.8316574e+03   5.8206430e+03   5.8049684e+03   5.7858377e+03   5.7732145e+03   5.7692623e+03   5.7899590e+03   5.7964607e+03   5.8036460e+03   5.7958285e+03   5.7233998e+03   5.5877781e+03   5.4629780e+03   5.5276322e+03   5.5593101e+03
   5.8403733e+03   5.8320390e+03   5.8265868e+03   5.8194655e+03   5.8095973e+03   5.7927838e+03   5.7803288e+03   5.7897814e+03   5.7814746e+03   5.7642954e+03   5.7194316e+03   5.6417986e+03   5.5616117e+03   5.5144333e+03   5.5946878e+03   5.6410413e+03
