   5.8279465e+03   5.8254758e+03   5.8313088e+03   5.8238803e+03   5.8023451e+03   5.7819245e+03   5.7687195e+03   5.7802166e+03   5.8003998e+03   5.8113533e+03   5.8036669e+03   5.8049540e+03   5.7671384e+03   5.6888401e+03   5.5880240e+03   5.5375998e+03
   5.8270327e+03   5.8310627e+03   5.8367431e+03   5.8101409e+03   5.7704144e+03   5.7473989e+03   5.7463621e+03   5.7691562e+03   5.7874652e+03   5.7951419e+03   5.7782187e+03   5.7836450e+03   5.7499315e+03   5.6598282e+03   5.5457245e+03   5.5134732e+03
   5.8329222e+03   5.8426509e+03   5.8333486e+03   5.7831468e+03   5.7305938e+03   5.6761042e+03   5.6685835e+03   5.7324771e+03   5.7683038e+03   5.7548706e+03   5.7521017e+03   5.7636026e+03   5.7108385e+03   5.6188614e+03   5.5373128e+03   5.5070136e+03
   5.8439023e+03   5.8507512e+03   5.8235007e+03   5.7579816e+03   5.6721964e+03   5.5232704e+03   5.4590564e+03   5.5906456e+03   5.7248289e+03   5.7324747e+03   5.7123678e+03   5.6641435e+03   5.5997475e+03   5.4830551e+03   5.4355040e+03   5.4385993e+03
   5.8542592e+03   5.8578086e+03   5.8190744e+03   5.7420299e+03   5.6212327e+03   5.4175500e+03   5.3166030e+03   5.4282802e+03   5.6219750e+03   5.6591034e+03   5.5820594e+03   5.4525791e+03   5.3334608e+03   5.1869406e+03   5.1697654e+03   5.2213246e+03
   5.8660905e+03   5.8687917e+03   5.8243715e+03   5.7490335e+03   5.6271028e+03   5.4304075e+03   5.2921814e+03   5.3220182e+03   5.4905728e+03   5.5397233e+03   5.4240061e+03   5.2532605e+03   5.1252967e+03   5.0851528e+03   5.1276025e+03   5.1475716e+03
   5.8782016e+03   5.8800855e+03   5.8487708e+03   5.7801418e+03   5.6677545e+03   5.4950999e+03   5.3343526e+03   5.2793936e+03   5.3439925e+03   5.3606487e+03   5.2879420e+03   5.1516415e+03   5.0546697e+03   5.0105041e+03   5.0771219e+03   5.1672292e+03
   5.8845348e+03   5.8963947e+03   5.8844503e+03   5.8254134e+03   5.7128994e+03   5.5597088e+03   5.4002108e+03   5.2573246e+03   5.1933755e+03   5.1479538e+03   5.0797832e+03   5.0385648e+03   5.0056377e+03   5.0129999e+03   5.1057700e+03   5.1711419e+03
   5.8927089e+03   5.9128574e+03   5.9113677e+03   5.8781779e+03   5.7930976e+03   5.6437862e+03   5.4527933e+03   5.2291384e+03   5.0730080e+03   4.9815850e+03   4.9585387e+03   4.9501264e+03   4.8943390e+03   5.0629374e+03   5.1409523e+03   5.2574432e+03
   5.8978370e+03   5.9196050e+03   5.9208427e+03   5.9052918e+03   5.8443928e+03   5.7117623e+03   5.4942689e+03   5.2073065e+03   5.0060319e+03   4.9047050e+03   4.8467935e+03   4.7989603e+03   4.8550898e+03   5.0510000e+03   5.1809798e+03   5.3019996e+03
   5.8960988e+03   5.9149203e+03   5.9192613e+03   5.9056921e+03   5.8584825e+03   5.7410550e+03   5.5459803e+03   5.2657643e+03   5.0146930e+03   4.8902754e+03   4.8197522e+03   4.8291020e+03   5.0090952e+03   5.0937538e+03   5.1695962e+03   5.2292822e+03
   5.8964205e+03   5.9049296e+03   5.8961113e+03   5.8642353e+03   5.8225729e+03   5.7247510e+03   5.5613689e+03   5.3477665e+03   5.1208118e+03   4.9415243e+03   4.8776406e+03   4.9551492e+03   5.0827098e+03   5.1879660e+03   5.2601588e+03   5.2382820e+03
   5.8932011e+03   5.8905224e+03   5.8675625e+03   5.8107942e+03   5.7537098e+03   5.6709947e+03   5.5406192e+03   5.3826120e+03   5.2114438e+03   5.0452737e+03   4.9414063e+03   4.9812504e+03   5.0187718e+03   5.1962696e+03   5.3361824e+03   5.3110385e+03
   5.8837668e+03   5.8742795e+03   5.8382439e+03   5.7760839e+03   5.7251568e+03   5.6279065e+03   5.4745518e+03   5.3114279e+03   5.2320019e+03   5.2257940e+03   5.2121393e+03   5.2698065e+03   5.2619464e+03   5.2802677e+03   5.3622122e+03   5.3413453e+03
   5.8755425e+03   5.8624195e+03   5.8272882e+03   5.7739339e+03   5.7164097e+03   5.5572311e+03   5.4151481e+03   5.3841038e+03   5.4510280e+03   5.5429248e+03   5.6036115e+03   5.6027777e+03   5.5430164e+03   5.4085479e+03   5.3938153e+03   5.3364948e+03
   5.8711831e+03   5.8576677e+03   5.8327458e+03   5.7962587e+03   5.7498291e+03   5.6348181e+03   5.5834905e+03   5.6236399e+03   5.6771563e+03   5.7408609e+03   5.7880686e+03   5.7654032e+03   5.6320224e+03   5.3894274e+03   5.3777148e+03   5.3408027e+03
   5.8702540e+03   5.8598689e+03   5.8446742e+03   5.8173114e+03   5.7918739e+03   5.7572990e+03   5.7455535e+03   5.7529711e+03   5.7950391e+03   5.8288106e+03   5.8209366e+03   5.7726874e+03   5.6423317e+03   5.4311784e+03   5.4117358e+03   5.3827500e+03
   5.8660900e+03   5.8583883e+03   5.8513758e+03   5.8327791e+03   5.8078490e+03   5.7899270e+03   5.7857178e+03   5.8079456e+03   5.8364983e+03   5.8071675e+03   5.7714425e+03   5.7161276e+03   5.6496230e+03   5.5621622e+03   5.5252428e+03   5.4923666e+03
   5.8612617e+03   5.8557890e+03   5.8472622e+03   5.8349205e+03   5.8158193e+03   5.7930270e+03   5.7889594e+03   5.8039402e+03   5.8151901e+03   5.7846672e+03   5.7097636e+03   5.6220403e+03   5.5960544e+03   5.5849058e+03   5.5841754e+03   5.6069401e+03
