   5.8201861e+03   5.8173748e+03   5.8176805e+03   5.8157239e+03   5.7962714e+03   5.7762526e+03   5.7718602e+03   5.8006279e+03   5.8138265e+03   5.7515187e+03   5.6319268e+03   5.4992315e+03   5.5164106e+03   5.6373589e+03   5.7155375e+03   5.7602318e+03
   5.8218539e+03   5.8179026e+03   5.8141135e+03   5.7983247e+03   5.7690113e+03   5.7577348e+03   5.7703614e+03   5.8075907e+03   5.7947277e+03   5.6927622e+03   5.5332588e+03   5.3946908e+03   5.4066853e+03   5.5279864e+03   5.6137829e+03   5.6258647e+03
   5.8261392e+03   5.8233765e+03   5.8087560e+03   5.7698158e+03   5.7351397e+03   5.7387305e+03   5.7729271e+03   5.8041920e+03   5.7610071e+03   5.6292046e+03   5.3939595e+03   5.2743639e+03   5.3088297e+03   5.4050452e+03   5.5079860e+03   5.4518675e+03
   5.8336432e+03   5.8299695e+03   5.8037529e+03   5.7405566e+03   5.6944139e+03   5.6986337e+03   5.7353427e+03   5.7771332e+03   5.7248829e+03   5.5576676e+03   5.2737854e+03   5.1426808e+03   5.1665889e+03   5.2498378e+03   5.3752544e+03   5.3546069e+03
   5.8404708e+03   5.8283508e+03   5.7913656e+03   5.7066116e+03   5.6424765e+03   5.6569862e+03   5.6897183e+03   5.7275045e+03   5.6881430e+03   5.4946749e+03   5.1864001e+03   5.0111887e+03   5.0361314e+03   5.1402362e+03   5.2088380e+03   5.2545958e+03
   5.8498833e+03   5.8302030e+03   5.7843180e+03   5.6731162e+03   5.5738456e+03   5.6002547e+03   5.6357888e+03   5.6928216e+03   5.6443797e+03   5.4654118e+03   5.2182015e+03   4.9922897e+03   4.9240156e+03   5.0404588e+03   5.0485255e+03   5.1012187e+03
   5.8608374e+03   5.8345042e+03   5.7879657e+03   5.6610736e+03   5.5203607e+03   5.5314779e+03   5.5639650e+03   5.6059640e+03   5.5723283e+03   5.4492604e+03   5.2699571e+03   5.0695708e+03   4.9383513e+03   4.9823770e+03   4.9363998e+03   5.0570382e+03
   5.8666793e+03   5.8441672e+03   5.8049487e+03   5.6842722e+03   5.5074294e+03   5.3745572e+03   5.4102435e+03   5.5292799e+03   5.4885982e+03   5.3285546e+03   5.2275860e+03   5.1152839e+03   4.9907103e+03   4.8813472e+03   4.8294311e+03   5.0489879e+03
   5.8697117e+03   5.8642772e+03   5.8383822e+03   5.7390614e+03   5.5787371e+03   5.2862156e+03   5.2562930e+03   5.4757970e+03   5.4434178e+03   5.2195024e+03   5.1158043e+03   5.0630799e+03   4.9870025e+03   4.8067789e+03   4.7007196e+03   4.9893509e+03
   5.8698452e+03   5.8788092e+03   5.8707394e+03   5.7970723e+03   5.7163437e+03   5.5814528e+03   5.5289178e+03   5.5335433e+03   5.4422735e+03   5.2543029e+03   5.0792780e+03   5.0941046e+03   5.0695726e+03   4.9070000e+03   4.7810442e+03   5.0050608e+03
   5.8772366e+03   5.8870516e+03   5.8904260e+03   5.8538853e+03   5.7847725e+03   5.7244481e+03   5.6704892e+03   5.5490054e+03   5.3740928e+03   5.1631855e+03   5.0424072e+03   5.0347541e+03   5.0110435e+03   4.9180578e+03   4.8984618e+03   5.0465158e+03
   5.8845297e+03   5.8944578e+03   5.8964384e+03   5.8843815e+03   5.8395123e+03   5.7812943e+03   5.6965263e+03   5.5492693e+03   5.3085531e+03   5.1098751e+03   5.0234693e+03   5.0072800e+03   4.9592695e+03   4.9703388e+03   4.9653748e+03   5.0792854e+03
   5.8779066e+03   5.8917422e+03   5.8956328e+03   5.8717468e+03   5.8264266e+03   5.7849867e+03   5.6812023e+03   5.5629789e+03   5.3960239e+03   5.1713576e+03   4.9685935e+03   5.0470448e+03   5.0275834e+03   5.1232335e+03   5.0898799e+03   5.1026799e+03
   5.8693660e+03   5.8822736e+03   5.8833241e+03   5.8505751e+03   5.8065192e+03   5.7276390e+03   5.6206204e+03   5.5442351e+03   5.4338339e+03   5.2825148e+03   5.0824420e+03   5.1124639e+03   5.2156110e+03   5.2706574e+03   5.2091604e+03   5.2015096e+03
   5.8619714e+03   5.8709371e+03   5.8656670e+03   5.8249325e+03   5.7720557e+03   5.6608548e+03   5.5566554e+03   5.4704905e+03   5.3794985e+03   5.3749333e+03   5.3551709e+03   5.3758095e+03   5.4519837e+03   5.4303051e+03   5.3963738e+03   5.4253517e+03
   5.8521228e+03   5.8554911e+03   5.8570664e+03   5.8211887e+03   5.7640861e+03   5.6713183e+03   5.5712099e+03   5.4802329e+03   5.4450777e+03   5.4954471e+03   5.5630910e+03   5.6051932e+03   5.6141010e+03   5.4982519e+03   5.4893613e+03   5.5467581e+03
   5.8449333e+03   5.8385985e+03   5.8432725e+03   5.8223530e+03   5.7792060e+03   5.7215654e+03   5.6555057e+03   5.6218900e+03   5.6301162e+03   5.6806457e+03   5.7389587e+03   5.7333081e+03   5.6862131e+03   5.5727064e+03   5.5644969e+03   5.6315124e+03
   5.8407334e+03   5.8317640e+03   5.8292620e+03   5.8198157e+03   5.8003079e+03   5.7708781e+03   5.7399039e+03   5.7302078e+03   5.7382545e+03   5.7677858e+03   5.7907374e+03   5.7855732e+03   5.7168795e+03   5.6326585e+03   5.5797409e+03   5.6304285e+03
   5.8337292e+03   5.8274791e+03   5.8181567e+03   5.8094840e+03   5.8029233e+03   5.7917329e+03   5.7837114e+03   5.7796199e+03   5.7788722e+03   5.7941299e+03   5.7951542e+03   5.7888596e+03   5.7252846e+03   5.6270603e+03   5.5111827e+03   5.5801203e+03
