   5.8558848e+03   5.8563853e+03   5.8619133e+03   5.8698193e+03   5.8749988e+03   5.8824639e+03   5.8699530e+03   5.8218583e+03   5.7463189e+03   5.6497472e+03   5.5592708e+03   5.5410617e+03   5.5948204e+03   5.6606683e+03   5.6976574e+03   5.7379067e+03
   5.8558609e+03   5.8561462e+03   5.8605620e+03   5.8678209e+03   5.8781514e+03   5.8860957e+03   5.8560701e+03   5.7805509e+03   5.6427871e+03   5.5082762e+03   5.4527890e+03   5.4676848e+03   5.5057575e+03   5.5717863e+03   5.6673551e+03   5.7273187e+03
   5.8564188e+03   5.8569868e+03   5.8669772e+03   5.8765244e+03   5.8874754e+03   5.8823743e+03   5.8235604e+03   5.7012645e+03   5.5102811e+03   5.3666160e+03   5.3181855e+03   5.3453907e+03   5.4040319e+03   5.4374680e+03   5.5828580e+03   5.7137579e+03
   5.8544191e+03   5.8601749e+03   5.8779414e+03   5.8894592e+03   5.8965901e+03   5.8776582e+03   5.7892116e+03   5.6223462e+03   5.3836478e+03   5.1855652e+03   5.1088846e+03   5.1929310e+03   5.3711058e+03   5.4381563e+03   5.5739331e+03   5.6995251e+03
   5.8498586e+03   5.8607224e+03   5.8824546e+03   5.8910274e+03   5.8921675e+03   5.8547754e+03   5.7349581e+03   5.5070013e+03   5.2935717e+03   5.1412149e+03   5.0291998e+03   5.0939740e+03   5.2860514e+03   5.4026456e+03   5.5774898e+03   5.6366557e+03
   5.8499864e+03   5.8610508e+03   5.8798144e+03   5.8869218e+03   5.8797343e+03   5.8241518e+03   5.7009073e+03   5.4605133e+03   5.2481637e+03   5.1341027e+03   5.0354682e+03   5.0390098e+03   5.1753104e+03   5.2990192e+03   5.4475991e+03   5.4133513e+03
   5.8448530e+03   5.8531628e+03   5.8640459e+03   5.8600584e+03   5.8324323e+03   5.7612409e+03   5.6425450e+03   5.4709745e+03   5.2663268e+03   5.1067457e+03   4.9726593e+03   4.9190333e+03   5.0369722e+03   5.1831685e+03   5.2189651e+03   5.1728907e+03
   5.8369915e+03   5.8401305e+03   5.8425822e+03   5.8199889e+03   5.7700993e+03   5.6768058e+03   5.5285967e+03   5.3686207e+03   5.1723295e+03   5.0196739e+03   4.9231014e+03   4.9365790e+03   4.9693176e+03   5.0815447e+03   5.1014266e+03   5.0281427e+03
   5.8291659e+03   5.8210971e+03   5.8024125e+03   5.7507460e+03   5.6517593e+03   5.4981917e+03   5.3262275e+03   5.2031585e+03   5.1177621e+03   5.0652893e+03   5.0380809e+03   5.0377509e+03   4.9884345e+03   5.0215780e+03   5.0580907e+03   5.0247341e+03
   5.8188489e+03   5.7997649e+03   5.7605667e+03   5.6820745e+03   5.5673639e+03   5.4629149e+03   5.4016378e+03   5.3806394e+03   5.3722035e+03   5.3468402e+03   5.2863560e+03   5.1873139e+03   5.0471538e+03   4.9670000e+03   5.0105283e+03   4.9794859e+03
   5.8122208e+03   5.7760308e+03   5.7011230e+03   5.6069935e+03   5.5541529e+03   5.5665047e+03   5.5765451e+03   5.6198712e+03   5.6566780e+03   5.6384926e+03   5.5338781e+03   5.3424801e+03   5.1026308e+03   4.9764052e+03   4.9538659e+03   5.0171602e+03
   5.8089489e+03   5.7626939e+03   5.6677876e+03   5.5949177e+03   5.5935957e+03   5.6386270e+03   5.6476893e+03   5.7099749e+03   5.7699350e+03   5.7261844e+03   5.5680812e+03   5.3278394e+03   5.1169392e+03   5.0126522e+03   4.9931643e+03   5.0277141e+03
   5.8074620e+03   5.7779340e+03   5.7321750e+03   5.7053705e+03   5.7033664e+03   5.6841259e+03   5.6661595e+03   5.7029386e+03   5.7017421e+03   5.6058198e+03   5.4268818e+03   5.2110308e+03   5.0959319e+03   5.0086456e+03   5.0244187e+03   5.0509741e+03
   5.8065761e+03   5.7889774e+03   5.7708892e+03   5.7552884e+03   5.7327017e+03   5.6756547e+03   5.6543741e+03   5.6422331e+03   5.5574538e+03   5.4000302e+03   5.2186802e+03   5.1059654e+03   5.0634209e+03   5.0971733e+03   5.1578879e+03   5.1070781e+03
   5.8123813e+03   5.7972039e+03   5.7755363e+03   5.7586559e+03   5.7274178e+03   5.6576185e+03   5.6228550e+03   5.5530232e+03   5.4420577e+03   5.2983168e+03   5.1397309e+03   5.0544610e+03   5.0978842e+03   5.2490114e+03   5.3429953e+03   5.3254588e+03
   5.8176410e+03   5.8112290e+03   5.7890702e+03   5.7672082e+03   5.7204773e+03   5.6367038e+03   5.5972308e+03   5.5285657e+03   5.4377691e+03   5.3267460e+03   5.1780204e+03   5.1316966e+03   5.2534597e+03   5.3685714e+03   5.4383415e+03   5.4738641e+03
   5.8168474e+03   5.8169115e+03   5.7977076e+03   5.7724939e+03   5.7219756e+03   5.6277672e+03   5.5645187e+03   5.5251134e+03   5.4701105e+03   5.4015245e+03   5.3534798e+03   5.3366140e+03   5.3617854e+03   5.3863814e+03   5.4393633e+03   5.4945239e+03
   5.8163364e+03   5.8180448e+03   5.8086164e+03   5.7878816e+03   5.7491272e+03   5.6610345e+03   5.5636141e+03   5.5141355e+03   5.5033681e+03   5.4829511e+03   5.4635786e+03   5.4237370e+03   5.4068276e+03   5.4286322e+03   5.4693071e+03   5.5465945e+03
   5.8161730e+03   5.8173225e+03   5.8143244e+03   5.8014454e+03   5.7774187e+03   5.7259496e+03   5.6523661e+03   5.5905879e+03   5.5622197e+03   5.5499006e+03   5.5260703e+03   5.4898315e+03   5.4687760e+03   5.4906517e+03   5.5660369e+03   5.6551177e+03
