   5.8167687e+03   5.8075815e+03   5.8035281e+03   5.7959535e+03   5.7821935e+03   5.7781724e+03   5.7977050e+03   5.8082871e+03   5.7842367e+03   5.6646092e+03   5.5534528e+03   5.6391269e+03   5.7166741e+03   5.7735071e+03   5.7868656e+03   5.7592879e+03
   5.8122744e+03   5.8008143e+03   5.7945800e+03   5.7716399e+03   5.7451469e+03   5.7517280e+03   5.7937651e+03   5.8275185e+03   5.7902640e+03   5.6539784e+03   5.5083765e+03   5.5625915e+03   5.6369762e+03   5.6640869e+03   5.6110077e+03   5.5167305e+03
   5.8120216e+03   5.7952034e+03   5.7836914e+03   5.7414960e+03   5.7015928e+03   5.7120889e+03   5.7678601e+03   5.8298487e+03   5.7916853e+03   5.6372916e+03   5.4448490e+03   5.4462191e+03   5.5303920e+03   5.5121952e+03   5.3851265e+03   5.2295847e+03
   5.8197429e+03   5.7991981e+03   5.7790218e+03   5.7293135e+03   5.6895880e+03   5.7088165e+03   5.7709317e+03   5.8336049e+03   5.7837272e+03   5.5798988e+03   5.3441088e+03   5.3192581e+03   5.3888472e+03   5.3754371e+03   5.2315685e+03   5.0719383e+03
   5.8259851e+03   5.8107109e+03   5.7854060e+03   5.7222865e+03   5.6795902e+03   5.7075156e+03   5.7799244e+03   5.8186367e+03   5.7494327e+03   5.5244842e+03   5.2338134e+03   5.1684968e+03   5.2123741e+03   5.2522772e+03   5.1803225e+03   5.1152907e+03
   5.8332615e+03   5.8256923e+03   5.7910009e+03   5.7118285e+03   5.6585015e+03   5.6849353e+03   5.7570091e+03   5.7913461e+03   5.7027710e+03   5.4168681e+03   5.0443538e+03   4.9914234e+03   5.0618703e+03   5.0980130e+03   5.0962052e+03   5.1145361e+03
   5.8486215e+03   5.8384178e+03   5.7999787e+03   5.7143566e+03   5.6430620e+03   5.6564006e+03   5.7055702e+03   5.7151375e+03   5.6111770e+03   5.3276971e+03   5.0542186e+03   5.0341532e+03   4.9978087e+03   4.9889136e+03   4.9833260e+03   5.0500984e+03
   5.8590047e+03   5.8541081e+03   5.8218083e+03   5.7210941e+03   5.6244787e+03   5.5972609e+03   5.5839132e+03   5.5752939e+03   5.4825058e+03   5.2493390e+03   5.0681276e+03   5.0481433e+03   4.9332723e+03   4.8429292e+03   4.7891979e+03   5.0045587e+03
   5.8597751e+03   5.8668937e+03   5.8542719e+03   5.7449643e+03   5.6054416e+03   5.4709057e+03   5.3724757e+03   5.3894524e+03   5.3396352e+03   5.2354207e+03   5.1440298e+03   5.0795125e+03   4.9403917e+03   4.7648986e+03   4.6417725e+03   4.9463088e+03
   5.8647679e+03   5.8762129e+03   5.8759347e+03   5.7982888e+03   5.6255625e+03   5.3241470e+03   5.1028690e+03   5.2220977e+03   5.2592086e+03   5.1197662e+03   5.0466458e+03   5.0789648e+03   5.0209868e+03   4.9180000e+03   4.7975300e+03   4.9388185e+03
   5.8705931e+03   5.8814495e+03   5.8851987e+03   5.8400671e+03   5.7250874e+03   5.4999557e+03   5.2753661e+03   5.3300119e+03   5.3273754e+03   5.1624279e+03   5.0626693e+03   5.0238003e+03   5.0028731e+03   5.0075255e+03   4.9063930e+03   4.9500617e+03
   5.8676273e+03   5.8802968e+03   5.8874928e+03   5.8614446e+03   5.7967246e+03   5.6994358e+03   5.5878394e+03   5.5179357e+03   5.4218088e+03   5.2147612e+03   5.0764170e+03   5.0181367e+03   4.9721444e+03   5.0302411e+03   5.0542850e+03   5.0455567e+03
   5.8654777e+03   5.8782649e+03   5.8788132e+03   5.8588930e+03   5.8162648e+03   5.7516325e+03   5.6783270e+03   5.5866877e+03   5.4458559e+03   5.1672198e+03   5.1097696e+03   5.0931529e+03   5.0078014e+03   5.0502655e+03   5.2402987e+03   5.3226426e+03
   5.8635895e+03   5.8695774e+03   5.8549577e+03   5.8244695e+03   5.7889911e+03   5.7496277e+03   5.6792272e+03   5.5725782e+03   5.4286817e+03   5.2401545e+03   5.2169838e+03   5.1674902e+03   5.1099523e+03   5.2115810e+03   5.4351659e+03   5.4986041e+03
   5.8555855e+03   5.8509960e+03   5.8311528e+03   5.8063997e+03   5.7679034e+03   5.7152322e+03   5.6320282e+03   5.5318809e+03   5.4567122e+03   5.4258802e+03   5.4265159e+03   5.4054810e+03   5.4470737e+03   5.5694595e+03   5.6464786e+03   5.6406671e+03
   5.8464414e+03   5.8364968e+03   5.8149121e+03   5.7905322e+03   5.7330946e+03   5.6501773e+03   5.5837095e+03   5.5300438e+03   5.5175803e+03   5.5486636e+03   5.6104024e+03   5.6582989e+03   5.7065070e+03   5.7314418e+03   5.6920016e+03   5.6924819e+03
   5.8381247e+03   5.8259503e+03   5.8043523e+03   5.7785200e+03   5.7121071e+03   5.6253377e+03   5.5829632e+03   5.5898420e+03   5.6363353e+03   5.6989767e+03   5.7479087e+03   5.7828744e+03   5.7948461e+03   5.7093946e+03   5.6662962e+03   5.7090810e+03
   5.8335655e+03   5.8202102e+03   5.8010790e+03   5.7836576e+03   5.7476366e+03   5.6978355e+03   5.6810677e+03   5.7009798e+03   5.7391969e+03   5.7678891e+03   5.7881571e+03   5.8017025e+03   5.7650119e+03   5.6460501e+03   5.6046067e+03   5.6182411e+03
   5.8284976e+03   5.8194483e+03   5.8043787e+03   5.7895283e+03   5.7747485e+03   5.7612945e+03   5.7527108e+03   5.7647783e+03   5.7837365e+03   5.7888362e+03   5.7966285e+03   5.7892961e+03   5.7314447e+03   5.6300087e+03   5.5426557e+03   5.5213046e+03
